Student1 0.8 0.75 0 0.25 0 0.27 0.4 0.4 0.53 0.58 0 0.6 2 1 1.7 1.9 1.5 1.5 1.8 1.3 0 1.7 1.8 1.6 1.9
Student2 0.9 0 0.7 0.66 0.4 0.69 0.55 0 0.8 0.63 0.53 0.1 2 1.8 1.9 2 1.2 0 1.7 1.5 0 0 1.3 1.8 1.7
Student3 0.8 0.85 0.85 0.38 0.3 0 0.4 0 0 0.46 0.69 0.7 2 0 0 0 0 0.4 0 0 0 0 0 0 2
Student4 0.9 0.85 0.77 0.63 0.9 0.73 0.6 0 0 0.48 0 0 1 1.8 1.9 0 1.8 0 1 1.3 1 0.6 1 1.8 0
Student5 0.3 0.25 1.07 0.53 0 0 0.25 0.4 0.27 0.3 0.59 0.2 1.8 1.8 1.8 1.9 1.7 0 1.7 1.7 1.4 1.4 1.4 1.2 1.8
Student6 0.8 0.7 0.55 0.59 0.7 0.47 0.5 0.45 0.6 0.7 0.59 0.5 2 1 1 1 1.6 1.9 1 1.9 2 2 0 1.4 1.7
Student7 0.4 0.9 0.73 0.69 0.8 0.33 0.85 0.65 1.07 0.73 0.56 0.2 2 2 2 1.8 1.8 2 1.8 0 0 0 2 0.2 1.7
Student8 0.8 0.9 0.9 0.63 0.6 0.6 0.7 0.4 0.27 0.2 0.38 0.4 2 2 1.8 1.9 1.8 0 0.9 0.1 0 1.6 0 0 0
Student9 0.4 0 0.78 0 0.6 0.6 0.4 0 0 0 0.38 0.2 2 1.8 0.5 1 0 0 1.5 0 1.4 0 0 2 1
Student10 1 0.95 1 0.69 0.1 0.8 0.9 0.65 0 0.65 0 1 2 2 1.8 1.9 2 2 2 2 2 1.4 1.8 0 1.7
